a = 4.21e0 + 5.47e-2;

b = 6.52e0 - 7.27e-1;

c = 5.61e1 + 6.67e-4;

d = 4.52e4 - 3.82e6;

e = 7.51e12 - 5.25e5;

f = 3.83e1 + 8.42e2;

g = 4.47e10 * 5.81e-15;

h = 2.41e-10 * 4.81e-12;

i = -6.37e-10 * 5.28e-15;

j = -6.27e10 / (2.72e-15);


